  -3.3329061778432324E-005   0.0000000000000000        1.6662395664189011E-007
 -0.27262247968792247        0.0000000000000000       0.13281183499877128     
 -0.61383337919793290        0.0000000000000000       0.44277714842811400     
 -0.92576469698060870        0.0000000000000000       0.80988218954366087     
  -1.2151017541745688        0.0000000000000000        1.2033955294841518     
  -1.4880937914894872        0.0000000000000000        1.6121957309561312     
  -1.7488941872649704        0.0000000000000000        2.0309598522108447     
  -2.0003386839560555        0.0000000000000000        2.4566930112514869     
  -2.2444610803881253        0.0000000000000000        2.8875210939915301     
  -2.4827885732099331        0.0000000000000000        3.3221775182480058     
  -2.7165154348669907        0.0000000000000000        3.7597532597108856     
  -2.9466101717467561        0.0000000000000000        4.1995623191024514     
  -3.1738849895976116        0.0000000000000000        4.6410634029778244     
  -3.3990430677648789        0.0000000000000000        5.0838111856207950     
  -3.6227123767888685        0.0000000000000000        5.5274240302939610     
  -3.8454712283273915        0.0000000000000000        5.9715611762768379     
  -4.0678688355701595        0.0000000000000000        6.4159053644877906     
  -4.2904431274470864        0.0000000000000000        6.8601483580748077     
  -4.5137375336471441        0.0000000000000000        7.3039775285576241     
  -4.7383182688267675        0.0000000000000000        7.7470619265052676     
  -4.9647937352769693        0.0000000000000000        8.1890361365776236     
  -5.1938380615159154        0.0000000000000000        8.6294796834369691     
  -5.4262216262105998        0.0000000000000000        9.0678885877724760     
  -5.6628529680219097        0.0000000000000000        9.5036333350698090     
  -5.9048393442077574        0.0000000000000000        9.9358927679475357     
  -6.1535786042971967        0.0000000000000000        10.363543196605111     
  -6.4109055822552783        0.0000000000000000        10.784958192593388     
  -6.6793371493895535        0.0000000000000000        11.197612594007392     
  -6.9624987025687801        0.0000000000000000        11.597198176963690     
  -7.2658355676144915        0.0000000000000000        11.975273935555290     
  -7.5968331607216824        0.0000000000000000        12.311063913775710     
  -7.9360168555879795        0.0000000000000000        12.527932793423753     
  -7.8425568413722822        0.0000000000000000        12.592370702720283     
  -7.4946705101542985        0.0000000000000000        12.861598740172735     
  -7.1727356038596257        0.0000000000000000        13.213852186022550     
  -6.8762049654963082        0.0000000000000000        13.599754851439540     
  -6.5979969354592800        0.0000000000000000        14.003941679206481     
  -6.3332977523562866        0.0000000000000000        14.419634913727412     
  -6.0788726003271156        0.0000000000000000        14.843206031949530     
  -5.8324425860522542        0.0000000000000000        15.272460300189898     
  -5.5923238175192092        0.0000000000000000        15.705951648232517     
  -5.3572182379411073        0.0000000000000000        16.142663234014194     
  -5.1260868741965364        0.0000000000000000        16.581841089088876     
  -4.8980691296941252        0.0000000000000000        17.022899816534434     
  -4.6724288364256736        0.0000000000000000        17.465365266625973     
  -4.4485163932095046        0.0000000000000000        17.908837435779546     
  -4.2257407766647450        0.0000000000000000        18.352964903927237     
  -4.0035475955370661        0.0000000000000000        18.797425954668523     
  -3.7814006558766016        0.0000000000000000        19.241913427555055     
  -3.5587651921521237        0.0000000000000000        19.686121299033168     
  -3.3350912269209987        0.0000000000000000        20.129731395593989     
  -3.1097955448778998        0.0000000000000000        20.572398672933918     
  -2.8822405130048208        0.0000000000000000        21.013733160108863     
  -2.6517073686804484        0.0000000000000000        21.453275834832809     
  -2.4173604315753821        0.0000000000000000        21.890464005202038     
  -2.1781965513854344        0.0000000000000000        22.324578389452309     
  -1.9329701117595322        0.0000000000000000        22.754657028295075     
  -1.6800762467181451        0.0000000000000000        23.179345376131920     
  -1.4173597679782317        0.0000000000000000        23.596613073584162     
  -1.1417876307157220        0.0000000000000000        24.003159524505335     
 -0.84887879465919291        0.0000000000000000        24.392971390972633     
 -0.53193638282952016        0.0000000000000000        24.752970583851543     
 -0.18624617599149371        0.0000000000000000        25.044235560122178     
   5.8937780679115866E-003   0.0000000000000000        25.134201200271210     
 -0.31113582228288855        0.0000000000000000        25.310601758126090     
 -0.64744011019851655        0.0000000000000000        25.634466694897419     
 -0.95501509938024376        0.0000000000000000        26.007302551855922     
  -1.2412240567945290        0.0000000000000000        26.403940809072555     
  -1.5119126557759368        0.0000000000000000        26.814707710312017     
  -1.7709626607312903        0.0000000000000000        27.234817424297209     
  -2.0210459515004060        0.0000000000000000        27.661520539615047     
  -2.2640944369298004        0.0000000000000000        28.093071253574479     
  -2.5015692878962943        0.0000000000000000        28.528276549545843     
  -2.7346204691716203        0.0000000000000000        28.966272439649828     
  -2.9641859992955029        0.0000000000000000        29.406401789733039     
  -3.1910568276708582        0.0000000000000000        29.848142345462421     
  -3.4159213516117211        0.0000000000000000        30.291061464570816     
  -3.6393975423931448        0.0000000000000000        30.734785817729385     
  -3.8620574600938697        0.0000000000000000        31.178979721818372     
  -4.0844472128548270        0.0000000000000000        31.623328405519356     
  -4.3071044858851657        0.0000000000000000        32.067523826274162     
  -4.5305753044743602        0.0000000000000000        32.511251279091482     
  -4.7554315554090492        0.0000000000000000        32.954175221380723     
  -4.9822909296543125        0.0000000000000000        33.395922556143177     
  -5.2118414083994713        0.0000000000000000        33.836060997001113     
  -5.4448733419570097        0.0000000000000000        34.274068823945584     
  -5.6823238900282869        0.0000000000000000        34.709289711529422     
  -5.9253417713382621        0.0000000000000000        35.140860929588172     
  -6.1753863048318260        0.0000000000000000        35.567591506125765     
  -6.4343865512349661        0.0000000000000000        35.987739180689076     
  -6.7050098266300813        0.0000000000000000        36.398561253739075     
  -6.9911303365748676        0.0000000000000000        36.795286371378417     
  -7.2985821846225862        0.0000000000000000        37.168278903239454     
  -7.6347383817019727        0.0000000000000000        37.492510973210791     
  -7.9526781172160268        0.0000000000000000        37.670144231715192     
  -7.7630740434304313        0.0000000000000000        37.759159045177199     
  -7.4172871661810920        0.0000000000000000        38.049866940595628     
  -7.1002068829882719        0.0000000000000000        38.409661888159171     
  -6.8071985408162732        0.0000000000000000        38.799368521969164     
  -6.5315537856517594        0.0000000000000000        39.205850757014382     
  -6.2687825419111238        0.0000000000000000        39.623075327630332     
  -6.0158463027668985        0.0000000000000000        40.047732947579632     
  -5.7705865204399958        0.0000000000000000        40.477788854644523     
  -5.5313961752378411        0.0000000000000000        40.911886033415193     
  -5.2970282175256145        0.0000000000000000        41.349061035732653     
  -5.0664785159362777        0.0000000000000000        41.788593635380401     
  -4.8389107071040192        0.0000000000000000        42.229920520853923     
  -4.6136055514598926        0.0000000000000000        42.672582256793255     
  -4.3899250888927845        0.0000000000000000        43.116188598778592     
  -4.1672858922418152        0.0000000000000000        43.560394329829187     
  -3.9451378667918400        0.0000000000000000        44.004881182405043     
  -3.7229462134983065        0.0000000000000000        44.449343106288381     
  -3.5001747856447820        0.0000000000000000        44.893472978637767     
  -3.2762693242132008        0.0000000000000000        45.336949189310431     
  -3.0506390353559065        0.0000000000000000        45.779420506006780     
  -2.8226346673686833        0.0000000000000000        46.220487218866772     
  -2.5915205592642239        0.0000000000000000        46.659675620366762     
  -2.3564368400443203        0.0000000000000000        47.096400977762620     
  -2.1163455808541713        0.0000000000000000        47.529910339576922     
  -1.8699502566683481        0.0000000000000000        47.959188478729935     
  -1.6155692903696661        0.0000000000000000        48.382792032312651     
  -1.3509274248413223        0.0000000000000000        48.798531164530310     
  -1.0727957930800698        0.0000000000000000        49.202787226730791     
 -0.77637040455368744        0.0000000000000000        49.588805851998458     
 -0.45457964405851115        0.0000000000000000        49.941293847170726     
 -0.10671130635631296        0.0000000000000000        50.211216590434887     
  -1.0265616122705656E-002   0.0000000000000000        50.276129755440344     
 -0.34906216158665537        0.0000000000000000        50.491956183333407     
 -0.68021043513663915        0.0000000000000000        50.827436942363398     
 -0.98366372860782669        0.0000000000000000        51.205372766101199     
  -1.2669091185661585        0.0000000000000000        51.604878491627787     
  -1.5354029559090185        0.0000000000000000        52.017481330674158     
  -1.7927775757034001        0.0000000000000000        52.438860488519587     
  -2.0415540517631792        0.0000000000000000        52.866484823882772     
  -2.2835698593810356        0.0000000000000000        53.298724697257427     
  -2.5202245765554188        0.0000000000000000        53.734454542427045     
  -2.7526266291410932        0.0000000000000000        54.172852037661329     
  -2.9816853636293530        0.0000000000000000        54.613286915431161     
  -3.2081717225294542        0.0000000000000000        55.055254697487669     
  -3.4327602248719535        0.0000000000000000        55.498334576506380     
  -3.6560595335749846        0.0000000000000000        55.942160922064282     
  -3.8786360204410277        0.0000000000000000        56.386402657649562     
  -4.1010331837174157        0.0000000000000000        56.830747099969606     
  -4.3237889385565493        0.0000000000000000        57.274886023156391     
  -4.5474524007904877        0.0000000000000000        57.718502246190340     
  -4.7726016921737475        0.0000000000000000        58.161255162820183     
  -4.9998644824470180        0.0000000000000000        58.602763386770931     
  -5.2299435079002139        0.0000000000000000        59.042581973642562     
  -5.4636503378020498        0.0000000000000000        59.480170202352987     
  -5.7019525651513918        0.0000000000000000        59.914842942818872     
  -5.9460431328436449        0.0000000000000000        60.345692531008858     
  -6.1974472513677616        0.0000000000000000        60.771454616682092     
  -6.4581956447757722        0.0000000000000000        61.190259003195088     
  -6.7311190941192951        0.0000000000000000        61.599118370039079     
  -7.0203627512864069        0.0000000000000000        61.992726541158980     
  -7.3321640269988357        0.0000000000000000        62.360008241988083     
  -7.6732395690989845        0.0000000000000000        62.670416046524316     
  -7.9475097048896250        0.0000000000000000        62.804487243243280     
  -7.6825863694331797        0.0000000000000000        62.931832789618205     
  -7.3408107046483400        0.0000000000000000        63.239887960749314     
  -7.0283581936672306        0.0000000000000000        63.606279483557465     
  -6.7386809772751537        0.0000000000000000        63.999445945725697     
  -6.4654738009573061        0.0000000000000000        64.408059952952314     
  -6.2045452943735535        0.0000000000000000        64.826724570326064     
  -5.9530372563439080        0.0000000000000000        65.252412026046983     
  -5.7089023917392341        0.0000000000000000        65.683231558682323     
  -5.4706052377524754        0.0000000000000000        66.117907475057081     
  -5.2369464912821622        0.0000000000000000        66.555525585803494     
  -5.0069547618153498        0.0000000000000000        66.995397015516332     
  -4.7798164991480014        0.0000000000000000        67.436979060615641     
  -4.5548283845921622        0.0000000000000000        67.879826029968257     
  -4.3313633457739771        0.0000000000000000        68.323556760347216     
  -4.1088449536894274        0.0000000000000000        68.767831729407717     
  -3.8867269007899887        0.0000000000000000        69.212335703420408     
  -3.6644753126562915        0.0000000000000000        69.656763367655827     
  -3.4415521877032247        0.0000000000000000        70.100806121754999     
  -3.2173984651461480        0.0000000000000000        70.544138492641167     
  -2.9914151542900842        0.0000000000000000        70.986402529887371     
  -2.7629405977097683        0.0000000000000000        71.427188069014804     
  -2.5312211738963484        0.0000000000000000        71.866005682222820     
  -2.2953713119743573        0.0000000000000000        72.302247003922389     
  -2.0543160542440391        0.0000000000000000        72.735122809502229     
  -1.8067044466538233        0.0000000000000000        73.163560049019566     
  -1.5507724152486049        0.0000000000000000        73.586017899516278     
  -1.2841146667882415        0.0000000000000000        74.000128853669551     
  -1.0032889998615722        0.0000000000000000        74.401912068851800     
 -0.70314320195891500        0.0000000000000000        74.783740375733331     
 -0.37630876357875254        0.0000000000000000        75.127558499555292     
  -3.0216141031750320E-002   0.0000000000000000        75.370718523132126     
  -3.9364561915533593E-002   0.0000000000000000        75.428066438724215     
 -0.38618581295387583        0.0000000000000000        75.676202087950571     
 -0.71218593589312384        0.0000000000000000        76.021529446377613     
  -1.0117434641010818        0.0000000000000000        76.404034217854814     
  -1.2921784535209997        0.0000000000000000        76.806180585268834     
  -1.5585792542699257        0.0000000000000000        77.220500963233732     
  -1.8143492981042451        0.0000000000000000        77.643079347327117     
  -2.0618707144331689        0.0000000000000000        78.071579363747603     
  -2.3028933524010906        0.0000000000000000        78.504476796244163     
  -2.5387592774194134        0.0000000000000000        78.940708030396948     
  -2.7705379462720949        0.0000000000000000        79.379489339486796     
  -2.9991117324712402        0.0000000000000000        79.820215480946814     
  -3.2252327503871534        0.0000000000000000        80.262398576645850     
  -3.4495625009610191        0.0000000000000000        80.705628855818773     
  -3.6727010030705700        0.0000000000000000        81.149547807519667     
  -3.8952094883595194        0.0000000000000000        81.593828506867126     
  -4.1176293336446079        0.0000000000000000        82.038159965766752     
  -4.3404991582680639        0.0000000000000000        82.482233396839462     
  -4.5643716715082503        0.0000000000000000        82.925728735279151     
  -4.7898318097245136        0.0000000000000000        83.368299822868607     
  -5.0175179404330148        0.0000000000000000        83.809556344610627     
  -5.2481485045899827        0.0000000000000000        84.249039796314008     
  -5.4825576143537402        0.0000000000000000        84.686189099872166     
  -5.7217452353452627        0.0000000000000000        85.120288153296670     
  -5.9669515151831138        0.0000000000000000        85.550380662822121     
  -6.2197723668017151        0.0000000000000000        85.975122103578940     
  -6.4823483329170442        0.0000000000000000        86.392500606641846     
  -6.7576879880961602        0.0000000000000000        86.799252742485180     
  -7.0502310851210863        0.0000000000000000        87.189451152370992     
  -7.3666192155638521        0.0000000000000000        87.550268605188194     
  -7.7118839918022299        0.0000000000000000        87.843878892913850     
  -7.9149426879012656        0.0000000000000000        87.938143612238150     
  -7.6021374018191601        0.0000000000000000        88.109117435134806     
  -7.2652137737745308        0.0000000000000000        88.431412360928576     
  -6.9571516910513056        0.0000000000000000        88.803624253937585     
  -6.6706272412926326        0.0000000000000000        89.199951411956107     
  -6.3997403208370791        0.0000000000000000        89.610550275020969     
  -6.1405743635859205        0.0000000000000000        90.030571250397159     
  -5.8904369167884596        0.0000000000000000        90.457235823980952     
  -5.6473836575677456        0.0000000000000000        90.888783219695512     
  -5.4099458022681111        0.0000000000000000        91.324012152337971     
  -5.1769687770371604        0.0000000000000000        91.762053940169295     
  -4.9475119722045928        0.0000000000000000        92.202248863468697     
  -4.7207833151746028        0.0000000000000000        92.644073456109979     
  -4.4960944524883510        0.0000000000000000        93.087094862068483     
  -4.2728284781721761        0.0000000000000000        93.530940356861549     
  -4.0504153823316491        0.0000000000000000        93.975275624575190     
  -3.8283121449862048        0.0000000000000000        94.419788060370124     
  -3.6059853483920352        0.0000000000000000        94.864172712647743     
  -3.3828946577146710        0.0000000000000000        95.308119120482345     
  -3.1584756776437435        0.0000000000000000        95.751297508442335     
  -2.9321205795377874        0.0000000000000000        96.193342653273518     
  -2.7031544755816759        0.0000000000000000        96.633833177666034     
  -2.4708046606500296        0.0000000000000000        97.072262825219696     
  -2.2341582549501431        0.0000000000000000        97.507997875335462     
  -1.9921008534125801        0.0000000000000000        97.940209983481310     
  -1.7432232581523921        0.0000000000000000        98.367763233252489     
  -1.4856725761983702        0.0000000000000000        98.789009621344889     
  -1.2169025138228333        0.0000000000000000        99.201383076645698     
 -0.93323838218653743        0.0000000000000000        99.600488369223356     
 -0.62915559100026597        0.0000000000000000        99.977662568689311     
 -0.29715463543643705        0.0000000000000000        100.31136008213360     
   3.9130564670750170E-002   0.0000000000000000        100.52096838804007     
  -7.4708695032877998E-002   0.0000000000000000        100.58897193937401     
 -0.42241802930415340        0.0000000000000000        100.86283375445537     
 -0.74340886781696203        0.0000000000000000        101.21661351520819     
  -1.0392849343146282        0.0000000000000000        101.60323589767630     
  -1.3170521362458734        0.0000000000000000        102.00782195089725     
  -1.5814552536711528        0.0000000000000000        102.42375228059558     
  -1.8356876626323597        0.0000000000000000        102.84746497986487     
  -2.0820033265922353        0.0000000000000000        103.27679804469216     
  -2.3220706915326916        0.0000000000000000        103.71032315677824     
  -2.5571780713523169        0.0000000000000000        104.14703369710607     
  -2.7883583422827156        0.0000000000000000        104.58618172980187     
  -3.0164684968690714        0.0000000000000000        105.02718533711928     
  -3.2422429349924298        0.0000000000000000        105.46957214424269     
  -3.4663309595584453        0.0000000000000000        105.91294266433009     
  -3.6893245853534054        0.0000000000000000        106.35694495293673     
  -3.9117804383773120        0.0000000000000000        106.80125579611354     
  -4.1342382570614342        0.0000000000000000        107.24556551371994     
  -4.3572378409699448        0.0000000000000000        107.68956437683121     
  -4.5813360050405523        0.0000000000000000        108.13292901943177     
  -4.8071250984253213        0.0000000000000000        108.57530722326581     
  -5.0352549368574078        0.0000000000000000        109.01629907026074     
  -5.2664606666574549        0.0000000000000000        109.45543153459609     
  -5.5016003501008077        0.0000000000000000        109.89212171985032     
  -5.7417084035593433        0.0000000000000000        110.32562019187473     
  -5.9880753994446119        0.0000000000000000        110.75491795451489     
  -6.2423731944069782        0.0000000000000000        111.17858271090523     
  -6.5068611035896726        0.0000000000000000        111.59444527658759     
  -6.7847412495488051        0.0000000000000000        111.99892931998616     
  -7.0807727978309138        0.0000000000000000        112.38538146822538     
  -7.4019771098032976        0.0000000000000000        112.73881933760525     
  -7.7497386712493510        0.0000000000000000        113.01168244104890     
  -7.8591976719880652        0.0000000000000000        113.07885176695132     
  -7.5222349581345593        0.0000000000000000        113.29006848898958     
  -7.1904591314887831        0.0000000000000000        113.62424020861205     
  -6.8865518439860454        0.0000000000000000        114.00162705505832     
  -6.6030140281694383        0.0000000000000000        114.40085315785187     
  -6.3343377174224091        0.0000000000000000        114.81330442596240     
  -6.0768587320974738        0.0000000000000000        115.23460482180278     
  -5.8280371393442136        0.0000000000000000        115.66219736594428     
  -5.5860240395815790        0.0000000000000000        116.09443892416648     
  -5.3494128458972163        0.0000000000000000        116.53019642010807     
  -5.1170909176862329        0.0000000000000000        116.96864326952064     
  -4.8881465950708023        0.0000000000000000        117.40914688973626     
  -4.6618080252517853        0.0000000000000000        117.85120177870408     
  -4.4374009122085765        0.0000000000000000        118.29438706205103     
  -4.2143178244610660        0.0000000000000000        118.73833784399957     
  -3.9919946094353809        0.0000000000000000        119.18272454513473     
  -3.7698910435543702        0.0000000000000000        119.62723679329892     
  -3.5474736989498705        0.0000000000000000        120.07156962884420     
  -3.3241994232274124        0.0000000000000000        120.51541034113161     
  -3.0994979397127431        0.0000000000000000        120.95842439819194     
  -2.8727519158236055        0.0000000000000000        121.40023872222658     
  -2.6432723678550798        0.0000000000000000        121.84041991832603     
  -2.4102663178305543        0.0000000000000000        122.27844371264813     
  -2.1727918592333721        0.0000000000000000        122.71364916336123     
  -1.9296925367316009        0.0000000000000000        123.14516568701386     
  -1.6794967688607030        0.0000000000000000        123.57178890294945     
  -1.4202559259325203        0.0000000000000000        123.99175266171804     
  -1.1492706462429423        0.0000000000000000        124.40226823787835     
 -0.86261291535374462        0.0000000000000000        124.79846391602592     
 -0.55436524088896821        0.0000000000000000        125.17043746235400     
 -0.21722217187385034        0.0000000000000000        125.49216803352192     
   9.4057012795650707E-002   0.0000000000000000        125.66127132816295     
 -0.11262758964304365        0.0000000000000000        125.75705141084704     
 -0.45773634014923253        0.0000000000000000        126.05146446274658     
 -0.77392054969633839        0.0000000000000000        126.41258011101500     
  -1.0663166369955068        0.0000000000000000        126.80293312782992     
  -1.3415489226989918        0.0000000000000000        127.20977991987620     
  -1.6040438667680847        0.0000000000000000        127.62722211167767     
  -1.8568020120726403        0.0000000000000000        128.05200897731163     
  -2.1019589559349749        0.0000000000000000        128.48213510560430     
  -2.3411074376128918        0.0000000000000000        128.91625960240592     
  -2.5754854912375200        0.0000000000000000        129.35342836590331     
  -2.8060916355231162        0.0000000000000000        129.79292668566535     
  -3.0337589757906613        0.0000000000000000        130.23419439651732     
  -3.2592052511013403        0.0000000000000000        130.67677360220978     
  -3.4830683493983918        0.0000000000000000        131.12027438894327     
  -3.7059328990436327        0.0000000000000000        131.56435084982576     
  -3.9283514428171640        0.0000000000000000        132.00868305378279     
  -4.1508625596390516        0.0000000000000000        132.45296224567298     
  -4.3740077083250108        0.0000000000000000        132.89687737191198     
  -4.5983483323897714        0.0000000000000000        133.34010133670168     
  -4.8244848123699100        0.0000000000000000        133.78227533180473     
  -5.0530791968301916        0.0000000000000000        134.22298912345943     
  -5.2848843936260961        0.0000000000000000        134.66175413647906     
  -5.5207839129839380        0.0000000000000000        135.09796407859250     
  -5.7618488519326938        0.0000000000000000        135.53083360826656     
  -6.0094236913968002        0.0000000000000000        135.95929652921853     
  -6.2652619499080444        0.0000000000000000        136.38182425619047     
  -6.5317515552438419        0.0000000000000000        136.79607240734111     
  -6.8123054692674518        0.0000000000000000        137.19810852653035     
  -7.1120275170273581        0.0000000000000000        137.58042491065294     
  -7.4382488120535886        0.0000000000000000        137.92535622523502     
  -7.7849056442958018        0.0000000000000000        138.17223587678930     
  -7.7894149431926207        0.0000000000000000        138.22953316632865     
  -7.4431176955703382        0.0000000000000000        138.47398690620625     
  -7.1165054002102419        0.0000000000000000        138.81820895185638     
  -6.8165254569277236        0.0000000000000000        139.20022819297319     
  -6.5358196218493809        0.0000000000000000        139.60212279828869     
  -6.2692513099815272        0.0000000000000000        140.01630660215818     
  -6.0133879630657630        0.0000000000000000        140.43881549875292     
  -5.7658301508263277        0.0000000000000000        140.86729010339315     
  -5.5248175064295735        0.0000000000000000        141.30019401584713     
  -5.2890015147363947        0.0000000000000000        141.73645679634936     
  -5.0573088738526488        0.0000000000000000        142.17529085160456     
  -4.8288551608015862        0.0000000000000000        142.61608887633588     
  -4.6028875563290006        0.0000000000000000        143.05836214737883     
  -4.3787449581932698        0.0000000000000000        143.50170096935221     
  -4.1558287445386997        0.0000000000000000        143.94574769469145     
  -3.9335800739167364        0.0000000000000000        144.39017702697353     
  -3.7114610351261406        0.0000000000000000        144.83468043786820     
  -3.4889377233490579        0.0000000000000000        145.27895258847113     
  -3.2654636771279346        0.0000000000000000        145.72267812187286     
  -3.0404621759223898        0.0000000000000000        146.16551727888123     
  -2.8133056900772089        0.0000000000000000        146.60708851576945     
  -2.5832902302106264        0.0000000000000000        147.04694556426139     
  -2.3496012844435827        0.0000000000000000        147.48454485567447     
  -2.1112660831233203        0.0000000000000000        147.91919620103491     
  -1.8670833154812698        0.0000000000000000        148.34998335385194     
  -1.6155145177322301        0.0000000000000000        148.77562724098985     
  -1.3545077443537892        0.0000000000000000        149.19423115601953     
  -1.0811972819497133        0.0000000000000000        149.60275581616332     
 -0.79137930355059649        0.0000000000000000        149.99577864269003     
 -0.47873087398556402        0.0000000000000000        150.36190108378437     
 -0.13675833385957362        0.0000000000000000        150.66927427355020     
  0.12545315357597700        0.0000000000000000        150.79477329772141     
 -0.15128045596431819        0.0000000000000000        150.93072970274736     
 -0.49215292583419856        0.0000000000000000        151.24179317937310     
 -0.80376052141006704        0.0000000000000000        151.60933732105778     
  -1.0928650797157438        0.0000000000000000        152.00308654450785     
  -1.3656863611770713        0.0000000000000000        152.41203397382958     
  -1.6263572790166676        0.0000000000000000        152.83089831633154     
  -1.8777012331534089        0.0000000000000000        153.25670348574965     
  -2.1217443721266096        0.0000000000000000        153.68758510968112     
  -2.3600089501411259        0.0000000000000000        154.12228215782528     
  -2.5936859307576938        0.0000000000000000        154.55988899021872     
  -2.8237415470209304        0.0000000000000000        154.99972177042653     
  -3.0509864204951174        0.0000000000000000        155.44124062934287     
  -3.2761226278143716        0.0000000000000000        155.88400119016899     
  -3.4997773909820706        0.0000000000000000        156.32762243937685     
  -3.7225285492811953        0.0000000000000000        156.77176400045354     
  -3.9449250740526103        0.0000000000000000        157.21610880822701     
  -4.1675048606347573        0.0000000000000000        157.66034865262526     
  -4.3908115103488505        0.0000000000000000        158.10417076794471     
  -4.6154116303596888        0.0000000000000000        158.54724388732248     
  -4.8419142735497829        0.0000000000000000        158.98920205846781     
  -5.0709945430428434        0.0000000000000000        159.42962397739493     
  -5.3034242245930381        0.0000000000000000        159.86800441946770     
  -5.5401138728450068        0.0000000000000000        160.30371199057814     
  -5.7821736615281294        0.0000000000000000        160.73592262667361     
  -6.0310057543574880        0.0000000000000000        161.16350795282128     
  -6.2884515788382593        0.0000000000000000        161.58483352095288     
  -6.5570384986056478        0.0000000000000000        161.99735923017784     
  -6.8404092345197638        0.0000000000000000        162.39674543246591     
  -7.1440366236012505        0.0000000000000000        162.77447160582832     
  -7.4754097761360265        0.0000000000000000        163.10948816618782     
  -7.8136073571309517        0.0000000000000000        163.32374736668277     
  -7.7127217661064966        0.0000000000000000        163.38939760701618     
  -7.3648862235034294        0.0000000000000000        163.66034853112203     
  -7.0433102515343933        0.0000000000000000        164.01318472084222     
  -6.7470416012037759        0.0000000000000000        164.39937576441514     
  -6.4690237631168550        0.0000000000000000        164.80373485511893     
  -6.2044672873499813        0.0000000000000000        165.21954232159345     
  -5.9501521565455171        0.0000000000000000        165.64319418105447     
  -5.7038085240429961        0.0000000000000000        166.07250787802261     
  -5.4637582580319686        0.0000000000000000        166.50604407599286     
  -5.2287071137223551        0.0000000000000000        166.94278995068686     
  -4.9976187170269917        0.0000000000000000        167.38199406410590     
  -4.7696342773401064        0.0000000000000000        167.82307267212244     
  -4.5440188886054544        0.0000000000000000        168.26555272545966     
  -4.3201238193885576        0.0000000000000000        168.70903495144165     
  -4.0973586173902508        0.0000000000000000        169.15316839713239     
  -3.8751692201041568        0.0000000000000000        169.59763161028206     
  -3.6530195505534468        0.0000000000000000        170.04211752357341     
  -3.4303747589445495        0.0000000000000000        170.48632004641081     
  -3.2066845747625634        0.0000000000000000        170.92992077028404     
  -2.9813652537663033        0.0000000000000000        171.37257421973715     
  -2.7537783465576053        0.0000000000000000        171.81388974119201     
  -2.5232039002612150        0.0000000000000000        172.25340728135603     
  -2.2888045300216842        0.0000000000000000        172.69056260180682     
  -2.0495746371838033        0.0000000000000000        173.12463406321518     
  -1.8042650281775470        0.0000000000000000        173.55465598916498     
  -1.5512654610889942        0.0000000000000000        173.97926766653492     
  -1.2884123606575351        0.0000000000000000        174.39642773791064     
  -1.0126590442509977        0.0000000000000000        174.80281389010491     
 -0.71950191400626262        0.0000000000000000        175.19236295083167     
 -0.40221553371671176        0.0000000000000000        175.55185163392545     
  -5.6287287754449258E-002   0.0000000000000000        175.84172176495198     
  0.12949943715120660        0.0000000000000000        175.92934015553959     
 -0.18976281826093616        0.0000000000000000        176.10880520954868     
 -0.52569768319107946        0.0000000000000000        176.43358159790574     
 -0.83296614391285284        0.0000000000000000        176.80680694433806     
  -1.1189549266083103        0.0000000000000000        177.20366127664261     
  -1.3894808936559964        0.0000000000000000        177.61456547484076     
  -1.6484070057820892        0.0000000000000000        178.03476967655757     
  -1.8983937892783405        0.0000000000000000        178.46154115554396     
  -2.1413660664590632        0.0000000000000000        178.89314291823794     
  -2.3787803996806010        0.0000000000000000        179.32838703416598     
